 5 1 24  1  2  15691 124  5.956521E-01 -3.560396E-03 -1.480143E-01 -4.035250E-03  1.992319E-02  3.151653E-02  2.709818E-02  7.147525E-02 -2.419343E-02 -6.549049E-02  1.185301E-02 -4.716888E-03 -2.502430E-02 -3.036602E-02 -1.562630E-02 -1.343044E-02  1.392252E-02 -5.512987E-02 -1.351249E-02 -4.675366E-02 -2.038872E-02 -6.095336E-03 -5.463936E-02 -2.611935E-02
 5 1 24  1  2  25691 124 -3.560396E-03  8.155412E-05  2.530784E-05  1.525466E-05  1.175008E-04 -8.123635E-04 -1.766818E-05 -5.173215E-04  2.538568E-07 -5.924017E-05  4.985047E-04  5.708466E-06 -6.936459E-05  2.777397E-04  2.508536E-04  1.887109E-05 -5.182595E-04  3.482558E-04 -1.730874E-04 -1.192489E-05  2.175597E-04 -1.745104E-04  1.362527E-04  2.432640E-05
 5 1 24  1  2  35691 124 -1.480143E-01  2.530784E-05  8.832885E-02  6.807641E-03 -1.868328E-02  9.711553E-03  1.874126E-03 -2.708979E-02  1.327389E-02  2.828028E-02 -2.077169E-02 -1.391977E-02 -6.218521E-04  3.552848E-03  4.188550E-04  4.094934E-03  2.392695E-03  2.395222E-03 -2.567676E-03  1.844103E-03 -2.080036E-03  9.586017E-03 -2.024188E-03  1.546396E-03
 5 1 24  1  2  45691 124 -4.035250E-03  1.525466E-05  6.807641E-03  1.747941E-01  1.474523E-02  1.521464E-02 -1.490987E-02 -1.528386E-02 -5.371777E-03  4.122329E-03  8.513837E-03  1.586933E-03 -8.963676E-03 -5.748935E-03 -1.652074E-02  5.622342E-03  6.062805E-04 -5.279400E-03 -1.652499E-05  1.112690E-02 -9.609745E-03  7.709334E-03 -1.722628E-02  2.145370E-03
 5 1 24  1  2  55691 124  1.992319E-02  1.175008E-04 -1.868328E-02  1.474523E-02  8.583190E-02  2.492026E-02  1.579393E-02  8.970578E-03 -2.732532E-03 -6.289360E-03  1.446278E-03  3.018440E-03 -2.791289E-03  2.117036E-04 -1.046241E-02  2.027482E-03  2.202524E-03 -6.045793E-04  3.583645E-03 -3.837936E-03  4.056623E-03 -9.937860E-03 -4.927546E-03 -5.771055E-03
 5 1 24  1  2  65691 124  3.151653E-02 -8.123635E-04  9.711553E-03  1.521464E-02  2.492026E-02  2.802716E-01  5.260396E-02  1.360371E-02 -4.476659E-03 -4.849878E-03 -9.395392E-03 -7.811390E-03 -1.836599E-02 -1.828071E-02 -2.871510E-02 -1.179005E-03  1.087319E-02 -2.083472E-04 -2.993100E-04  9.360061E-04 -1.317092E-03  1.173756E-02 -2.382596E-03 -2.746396E-02
 5 1 24  1  2  75691 124  2.709818E-02 -1.766818E-05  1.874126E-03 -1.490987E-02  1.579393E-02  5.260396E-02  1.354449E-01  9.615368E-03 -1.120133E-02 -1.297916E-02 -2.573496E-02 -1.342697E-02 -2.126489E-03 -1.660551E-02 -4.329806E-02 -1.950670E-02 -3.892973E-03 -1.273480E-02 -4.504216E-03  3.849826E-03  3.752187E-03 -2.812383E-04 -5.454267E-03 -5.572040E-03
 5 1 24  1  2  85691 124  7.147525E-02 -5.173215E-04 -2.708979E-02 -1.528386E-02  8.970578E-03  1.360371E-02  9.615368E-03  8.201731E-02  6.786565E-03 -2.464712E-02 -2.432214E-02  7.541042E-03 -1.073605E-02 -4.779022E-03 -1.137497E-02  2.664811E-03  5.741921E-03 -1.083933E-03  7.634302E-03 -1.666350E-03 -5.606165E-03 -1.053329E-03 -3.803766E-03 -4.030695E-03
 5 1 24  1  2  95691 124 -2.419343E-02  2.538568E-07  1.327389E-02 -5.371777E-03 -2.732532E-03 -4.476659E-03 -1.120133E-02  6.786565E-03  9.038589E-02 -6.314002E-03 -1.243512E-03 -2.376491E-03 -3.356732E-03  3.032595E-03 -4.255141E-03 -8.283127E-03  5.384357E-03 -7.800131E-03  4.250004E-03 -7.211175E-03 -2.206077E-04 -5.120944E-04  5.406932E-03  4.102404E-04
 5 1 24  1  2 105691 124 -6.549049E-02 -5.924017E-05  2.828028E-02  4.122329E-03 -6.289360E-03 -4.849878E-03 -1.297916E-02 -2.464712E-02 -6.314002E-03  7.081023E-02 -3.164857E-03 -2.426031E-03  5.679354E-04 -3.897290E-03  3.284405E-03 -1.034057E-02 -1.881333E-03  5.364558E-03 -4.527349E-03  3.925873E-03  4.507989E-03  2.116505E-03  5.365141E-03  4.031086E-04
 5 1 24  1  2 115691 124  1.185301E-02  4.985047E-04 -2.077169E-02  8.513837E-03  1.446278E-03 -9.395392E-03 -2.573496E-02 -2.432214E-02 -1.243512E-03 -3.164857E-03  7.713442E-02 -1.577957E-02 -5.423084E-03  4.063390E-03  8.472066E-03 -4.005506E-04 -1.040648E-02 -1.949275E-03  4.461229E-03 -6.334240E-03  4.183340E-03 -2.779701E-03  4.144965E-05 -5.084849E-03
 5 1 24  1  2 125691 124 -4.716888E-03  5.708466E-06 -1.391977E-02  1.586933E-03  3.018440E-03 -7.811390E-03 -1.342697E-02  7.541042E-03 -2.376491E-03 -2.426031E-03 -1.577957E-02  6.578440E-02  4.845877E-03  4.344758E-04 -4.538382E-03  9.185718E-03 -4.483495E-03  1.934594E-03  9.454697E-04  4.660754E-03 -1.326662E-02  4.773864E-03  9.991003E-03  4.122681E-03
 5 1 24  1  2 135691 124 -2.502430E-02 -6.936459E-05 -6.218521E-04 -8.963676E-03 -2.791289E-03 -1.836599E-02 -2.126489E-03 -1.073605E-02 -3.356732E-03  5.679354E-04 -5.423084E-03  4.845877E-03  5.730803E-02 -3.374258E-03  9.599336E-03 -9.768059E-03  1.326952E-02 -5.407703E-03 -4.983597E-03  3.662926E-03 -1.009487E-02 -5.914566E-03  6.532768E-04  1.478854E-02
 5 1 24  1  2 145691 124 -3.036602E-02  2.777397E-04  3.552848E-03 -5.748935E-03  2.117036E-04 -1.828071E-02 -1.660551E-02 -4.779022E-03  3.032595E-03 -3.897290E-03  4.063390E-03  4.344758E-04 -3.374258E-03  8.642226E-02 -9.413679E-03 -6.053883E-04 -1.033938E-02  7.475540E-03  7.257783E-03 -3.790780E-03 -3.063498E-04  1.901515E-03  7.050355E-03 -6.236303E-03
 5 1 24  1  2 155691 124 -1.562630E-02  2.508536E-04  4.188550E-04 -1.652074E-02 -1.046241E-02 -2.871510E-02 -4.329806E-02 -1.137497E-02 -4.255141E-03  3.284405E-03  8.472066E-03 -4.538382E-03  9.599336E-03 -9.413679E-03  7.818867E-02  2.823548E-03  5.558396E-03  1.181551E-03 -5.053921E-03 -1.339217E-03 -1.268453E-02 -5.700101E-03 -2.842857E-03  7.466597E-03
 5 1 24  1  2 165691 124 -1.343044E-02  1.887109E-05  4.094934E-03  5.622342E-03  2.027482E-03 -1.179005E-03 -1.950670E-02  2.664811E-03 -8.283127E-03 -1.034057E-02 -4.005506E-04  9.185718E-03 -9.768059E-03 -6.053883E-04  2.823548E-03  6.027950E-02 -9.876952E-03  7.973078E-03  1.171928E-03  3.092064E-03 -3.983948E-03  1.565373E-03 -7.730645E-03 -1.072816E-02
 5 1 24  1  2 175691 124  1.392252E-02 -5.182595E-04  2.392695E-03  6.062805E-04  2.202524E-03  1.087319E-02 -3.892973E-03  5.741921E-03  5.384357E-03 -1.881333E-03 -1.040648E-02 -4.483495E-03  1.326952E-02 -1.033938E-02  5.558396E-03 -9.876952E-03  9.100523E-02 -1.280151E-02 -7.528514E-03  1.478031E-03 -1.547384E-02 -7.111196E-03  4.644422E-03  1.391941E-02
 5 1 24  1  2 185691 124 -5.512987E-02  3.482558E-04  2.395222E-03 -5.279400E-03 -6.045793E-04 -2.083472E-04 -1.273480E-02 -1.083933E-03 -7.800131E-03  5.364558E-03 -1.949275E-03  1.934594E-03 -5.407703E-03  7.475540E-03  1.181551E-03  7.973078E-03 -1.280151E-02  6.115967E-02  3.985584E-03  6.633379E-03  8.503781E-03 -7.658240E-03 -9.384785E-03 -8.719014E-03
 5 1 24  1  2 195691 124 -1.351249E-02 -1.730874E-04 -2.567676E-03 -1.652499E-05  3.583645E-03 -2.993100E-04 -4.504216E-03  7.634302E-03  4.250004E-03 -4.527349E-03  4.461229E-03  9.454697E-04 -4.983597E-03  7.257783E-03 -5.053921E-03  1.171928E-03 -7.528514E-03  3.985584E-03  6.785372E-02 -9.740950E-03 -7.539092E-03 -3.808140E-03 -1.310772E-02 -1.957599E-03
 5 1 24  1  2 205691 124 -4.675366E-02 -1.192489E-05  1.844103E-03  1.112690E-02 -3.837936E-03  9.360061E-04  3.849826E-03 -1.666350E-03 -7.211175E-03  3.925873E-03 -6.334240E-03  4.660754E-03  3.662926E-03 -3.790780E-03 -1.339217E-03  3.092064E-03  1.478031E-03  6.633379E-03 -9.740950E-03  7.843914E-02 -1.331451E-02 -2.308219E-03 -6.974371E-03 -4.085881E-03
 5 1 24  1  2 215691 124 -2.038872E-02  2.175597E-04 -2.080036E-03 -9.609745E-03  4.056623E-03 -1.317092E-03  3.752187E-03 -5.606165E-03 -2.206077E-04  4.507989E-03  4.183340E-03 -1.326662E-02 -1.009487E-02 -3.063498E-04 -1.268453E-02 -3.983948E-03 -1.547384E-02  8.503781E-03 -7.539092E-03 -1.331451E-02  7.341485E-02 -2.714242E-03 -4.368133E-03 -1.051021E-02
 5 1 24  1  2 225691 124 -6.095336E-03 -1.745104E-04  9.586017E-03  7.709334E-03 -9.937860E-03  1.173756E-02 -2.812383E-04 -1.053329E-03 -5.120944E-04  2.116505E-03 -2.779701E-03  4.773864E-03 -5.914566E-03  1.901515E-03 -5.700101E-03  1.565373E-03 -7.111196E-03 -7.658240E-03 -3.808140E-03 -2.308219E-03 -2.714242E-03  5.858694E-02  4.189964E-03 -1.549155E-02
 5 1 24  1  2 235691 124 -5.463936E-02  1.362527E-04 -2.024188E-03 -1.722628E-02 -4.927546E-03 -2.382596E-03 -5.454267E-03 -3.803766E-03  5.406932E-03  5.365141E-03  4.144965E-05  9.991003E-03  6.532768E-04  7.050355E-03 -2.842857E-03 -7.730645E-03  4.644422E-03 -9.384785E-03 -1.310772E-02 -6.974371E-03 -4.368133E-03  4.189964E-03  9.333134E-02 -2.101780E-03
 5 1 24  1  2 245691 124 -2.611935E-02  2.432640E-05  1.546396E-03  2.145370E-03 -5.771055E-03 -2.746396E-02 -5.572040E-03 -4.030695E-03  4.102404E-04  4.031086E-04 -5.084849E-03  4.122681E-03  1.478854E-02 -6.236303E-03  7.466597E-03 -1.072816E-02  1.391941E-02 -8.719014E-03 -1.957599E-03 -4.085881E-03 -1.051021E-02 -1.549155E-02 -2.101780E-03  6.539203E-02
 5 1 24  1  1  15691 124 -1.494339E+00  2.500573E-02  8.774478E-02 -3.586390E-02 -6.603980E-01 -9.562542E-01 -5.705810E-01  4.006455E-02 -3.555090E-01  1.095050E-01 -1.215880E-01  5.853485E-01  7.355470E-02  3.809421E-01  4.324852E-01  2.001881E-01 -2.451787E-01  3.693524E-01 -1.090413E-01  2.558240E-01  8.890221E-02  6.102147E-01  9.072657E-01  8.881684E-02
 5 1 24  1  3  15691 124  4.519491E-01 -2.558715E-03 -1.227000E-01 -1.817805E-02 -8.259246E-03 -1.584513E-02  9.626444E-03  2.988601E-02 -3.697704E-02 -3.694511E-02  2.253233E-02 -9.432352E-03 -8.839301E-03 -1.473861E-02 -1.631129E-02 -1.551733E-02 -2.788761E-04 -3.271067E-02 -6.127429E-03 -2.129072E-02 -3.545551E-02 -8.847258E-03 -3.468969E-02 -1.389438E-03
 5 1 24  1  3  25691 124 -2.558715E-03  5.904040E-05  9.239052E-05  1.999632E-04  1.256320E-04  2.574045E-04 -3.451118E-05 -6.832914E-05  9.374192E-05  4.048913E-05  1.208698E-04  1.058643E-04 -3.003172E-04  1.659067E-04  1.701758E-04 -3.609841E-05 -2.103029E-04  2.024407E-04 -6.752128E-05  4.295271E-05  5.672346E-05  4.837577E-05 -5.547235E-06 -1.333751E-04
 5 1 24  1  3  35691 124 -1.227000E-01  9.239052E-05  7.214274E-02  9.227084E-04 -1.229163E-03 -1.010944E-03 -8.692449E-04 -1.581860E-02  2.213909E-02  1.523635E-02 -1.462307E-02 -6.858298E-03 -5.235890E-04  4.627389E-03  2.928698E-04  1.065962E-02 -1.506131E-03 -1.679059E-03 -3.284488E-03 -6.113753E-03  6.686817E-03  4.862423E-03 -1.738172E-03 -6.476464E-03
 5 1 24  1  3  45691 124 -1.817805E-02  1.999632E-04  9.227084E-04  1.250456E-01  1.721644E-02  1.706075E-02 -5.561470E-03 -2.226523E-03  6.032049E-03 -8.950273E-04  2.866648E-03 -7.314877E-03  6.647870E-04  3.171111E-03 -2.322039E-03 -9.425386E-03  5.293659E-03 -2.585786E-03 -1.124975E-02  6.880736E-03  8.375311E-03  2.699670E-03 -6.120052E-03  8.047833E-04
 5 1 24  1  3  55691 124 -8.259246E-03  1.256320E-04 -1.229163E-03  1.721644E-02  7.450870E-02  1.444297E-02  1.061982E-02  4.160475E-03  3.944017E-03 -1.469317E-03  3.370079E-03 -1.504330E-03 -2.489532E-03 -2.006516E-03 -6.964684E-03 -4.670051E-03  8.566098E-03 -3.476725E-03 -3.691582E-03  6.768426E-03 -1.231759E-03 -3.796128E-03 -9.915835E-03  9.186997E-04
 5 1 24  1  3  65691 124 -1.584513E-02  2.574045E-04 -1.010944E-03  1.706075E-02  1.444297E-02  1.364141E-01 -8.360671E-03 -1.417806E-02 -1.126923E-03  3.569409E-03  7.321104E-03  1.394543E-03  1.961127E-03 -6.561003E-03  1.088701E-03 -1.401774E-03  7.930182E-03 -2.271726E-03 -4.824180E-03 -9.228072E-04 -1.887476E-03 -3.753264E-03 -9.121163E-04  3.737623E-03
 5 1 24  1  3  75691 124  9.626444E-03 -3.451118E-05 -8.692449E-04 -5.561470E-03  1.061982E-02 -8.360671E-03  7.149125E-02 -5.198591E-03 -4.632940E-03 -1.983082E-03 -9.191529E-04 -4.488662E-03  9.053832E-04 -2.522098E-03 -1.978766E-02 -2.807051E-03 -2.290918E-03 -6.264174E-03  3.689115E-04  6.531154E-03 -6.123257E-04 -7.956990E-03 -9.952448E-03 -3.826953E-04
 5 1 24  1  3  85691 124  2.988601E-02 -6.832914E-05 -1.581860E-02 -2.226523E-03  4.160475E-03 -1.417806E-02 -5.198591E-03  5.987850E-02 -2.269850E-03 -8.096487E-03 -1.101468E-02  1.484674E-03  1.020457E-04 -1.195108E-03  1.256392E-03 -1.379388E-03  6.050783E-04  2.942624E-03 -2.451838E-03 -2.073765E-03 -3.200344E-03 -6.816305E-03 -4.174041E-03  3.284128E-03
 5 1 24  1  3  95691 124 -3.697704E-02  9.374192E-05  2.213909E-02  6.032049E-03  3.944017E-03 -1.126923E-03 -4.632940E-03 -2.269850E-03  9.199184E-02 -4.500562E-03 -2.740456E-03 -6.567580E-03 -3.194131E-03  2.040768E-03 -4.875151E-03 -7.101522E-03  1.662126E-03 -4.786394E-03 -2.493263E-03 -7.154597E-03  7.334008E-03 -6.041578E-04  5.820369E-04 -3.985271E-03
 5 1 24  1  3 105691 124 -3.694511E-02  4.048913E-05  1.523635E-02 -8.950273E-04 -1.469317E-03  3.569409E-03 -1.983082E-03 -8.096487E-03 -4.500562E-03  5.188589E-02 -4.529526E-03 -1.932149E-03 -3.270549E-03 -4.426866E-03 -3.724910E-04 -8.107560E-03 -3.425455E-04  1.509716E-03  1.352335E-03  2.575281E-04  1.446611E-03 -1.795682E-03  4.406824E-03 -4.764891E-03
 5 1 24  1  3 115691 124  2.253233E-02  1.208698E-04 -1.462307E-02  2.866648E-03  3.370079E-03  7.321104E-03 -9.191529E-04 -1.101468E-02 -2.740456E-03 -4.529526E-03  5.630803E-02 -1.243399E-02  7.865448E-04 -2.274519E-03 -3.496975E-03 -2.362936E-03 -7.126335E-04 -2.065322E-03  3.363230E-03 -1.098032E-03 -3.293453E-03 -1.210850E-03 -2.552467E-03 -9.777789E-03
 5 1 24  1  3 125691 124 -9.432352E-03  1.058643E-04 -6.858298E-03 -7.314877E-03 -1.504330E-03  1.394543E-03 -4.488662E-03  1.484674E-03 -6.567580E-03 -1.932149E-03 -1.243399E-02  5.058741E-02 -1.364581E-03 -3.586690E-03 -1.690404E-03  1.197624E-03  6.696979E-04  2.095608E-03  4.112119E-03 -1.029223E-03 -5.834711E-03  4.483316E-03  1.036062E-02  8.726276E-04
 5 1 24  1  3 135691 124 -8.839301E-03 -3.003172E-04 -5.235890E-04  6.647870E-04 -2.489532E-03  1.961127E-03  9.053832E-04  1.020457E-04 -3.194131E-03 -3.270549E-03  7.865448E-04 -1.364581E-03  4.270619E-02 -6.357044E-03  2.614473E-03 -7.312481E-03  9.268185E-04  9.105256E-04 -5.270014E-03  2.235051E-03  7.401486E-04 -1.641664E-05 -1.678917E-03  3.926871E-03
 5 1 24  1  3 145691 124 -1.473861E-02  1.659067E-04  4.627389E-03  3.171111E-03 -2.006516E-03 -6.561003E-03 -2.522098E-03 -1.195108E-03  2.040768E-03 -4.426866E-03 -2.274519E-03 -3.586690E-03 -6.357044E-03  6.352315E-02 -5.074728E-03 -3.198684E-03 -8.789389E-03  8.076676E-04 -4.494375E-04  7.096571E-04 -1.374115E-03  1.735287E-03  1.486991E-03 -2.023672E-03
 5 1 24  1  3 155691 124 -1.631129E-02  1.701758E-04  2.928698E-04 -2.322039E-03 -6.964684E-03  1.088701E-03 -1.978766E-02  1.256392E-03 -4.875151E-03 -3.724910E-04 -3.496975E-03 -1.690404E-03  2.614473E-03 -5.074728E-03  5.222894E-02 -2.922509E-03 -6.148987E-03  5.164660E-03 -2.279015E-03  1.231143E-04 -3.901188E-03  3.148435E-03  2.774534E-03 -1.010276E-03
 5 1 24  1  3 165691 124 -1.551733E-02 -3.609841E-05  1.065962E-02 -9.425386E-03 -4.670051E-03 -1.401774E-03 -2.807051E-03 -1.379388E-03 -7.101522E-03 -8.107560E-03 -2.362936E-03  1.197624E-03 -7.312481E-03 -3.198684E-03 -2.922509E-03  4.998245E-02 -1.808579E-03 -1.284491E-04  1.609394E-03  1.215138E-04 -1.462144E-03  3.478138E-04 -3.763903E-03 -5.826472E-03
 5 1 24  1  3 175691 124 -2.788761E-04 -2.103029E-04 -1.506131E-03  5.293659E-03  8.566098E-03  7.930182E-03 -2.290918E-03  6.050783E-04  1.662126E-03 -3.425455E-04 -7.126335E-04  6.696979E-04  9.268185E-04 -8.789389E-03 -6.148987E-03 -1.808579E-03  6.672257E-02 -1.879658E-03 -8.921265E-04  3.669218E-03 -4.672830E-04 -2.414098E-03 -2.277744E-04  2.055694E-03
 5 1 24  1  3 185691 124 -3.271067E-02  2.024407E-04 -1.679059E-03 -2.585786E-03 -3.476725E-03 -2.271726E-03 -6.264174E-03  2.942624E-03 -4.786394E-03  1.509716E-03 -2.065322E-03  2.095608E-03  9.105256E-04  8.076676E-04  5.164660E-03 -1.284491E-04 -1.879658E-03  4.826600E-02 -1.136467E-03 -6.544936E-03  2.787827E-03 -1.347511E-03 -2.101900E-03 -2.111598E-03
 5 1 24  1  3 195691 124 -6.127429E-03 -6.752128E-05 -3.284488E-03 -1.124975E-02 -3.691582E-03 -4.824180E-03  3.689115E-04 -2.451838E-03 -2.493263E-03  1.352335E-03  3.363230E-03  4.112119E-03 -5.270014E-03 -4.494375E-04 -2.279015E-03  1.609394E-03 -8.921265E-04 -1.136467E-03  5.229862E-02 -8.474855E-03 -8.551551E-03 -3.639422E-03 -5.904235E-03 -1.407402E-04
 5 1 24  1  3 205691 124 -2.129072E-02  4.295271E-05 -6.113753E-03  6.880736E-03  6.768426E-03 -9.228072E-04  6.531154E-03 -2.073765E-03 -7.154597E-03  2.575281E-04 -1.098032E-03 -1.029223E-03  2.235051E-03  7.096571E-04  1.231143E-04  1.215138E-04  3.669218E-03 -6.544936E-03 -8.474855E-03  6.464855E-02 -1.225677E-02 -4.305472E-03 -8.924042E-04 -2.898517E-03
 5 1 24  1  3 215691 124 -3.545551E-02  5.672346E-05  6.686817E-03  8.375311E-03 -1.231759E-03 -1.887476E-03 -6.123257E-04 -3.200344E-03  7.334008E-03  1.446611E-03 -3.293453E-03 -5.834711E-03  7.401486E-04 -1.374115E-03 -3.901188E-03 -1.462144E-03 -4.672830E-04  2.787827E-03 -8.551551E-03 -1.225677E-02  5.662552E-02 -4.689654E-03 -1.621675E-03 -9.136162E-04
 5 1 24  1  3 225691 124 -8.847258E-03  4.837577E-05  4.862423E-03  2.699670E-03 -3.796128E-03 -3.753264E-03 -7.956990E-03 -6.816305E-03 -6.041578E-04 -1.795682E-03 -1.210850E-03  4.483316E-03 -1.641664E-05  1.735287E-03  3.148435E-03  3.478138E-04 -2.414098E-03 -1.347511E-03 -3.639422E-03 -4.305472E-03 -4.689654E-03  4.629114E-02 -7.922152E-04 -4.413257E-03
 5 1 24  1  3 235691 124 -3.468969E-02 -5.547235E-06 -1.738172E-03 -6.120052E-03 -9.915835E-03 -9.121163E-04 -9.952448E-03 -4.174041E-03  5.820369E-04  4.406824E-03 -2.552467E-03  1.036062E-02 -1.678917E-03  1.486991E-03  2.774534E-03 -3.763903E-03 -2.277744E-04 -2.101900E-03 -5.904235E-03 -8.924042E-04 -1.621675E-03 -7.922152E-04  6.250872E-02 -1.587637E-03
 5 1 24  1  3 245691 124 -1.389438E-03 -1.333751E-04 -6.476464E-03  8.047833E-04  9.186997E-04  3.737623E-03 -3.826953E-04  3.284128E-03 -3.985271E-03 -4.764891E-03 -9.777789E-03  8.726276E-04  3.926871E-03 -2.023672E-03 -1.010276E-03 -5.826472E-03  2.055694E-03 -2.111598E-03 -1.407402E-04 -2.898517E-03 -9.136162E-04 -4.413257E-03 -1.587637E-03  4.522922E-02
 5 1 24  1  4  15691 124  1.000000E+00  0.000000E+00  0.000000E+00  0.000000E+00  0.000000E+00  0.000000E+00  0.000000E+00  0.000000E+00  0.000000E+00  0.000000E+00  0.000000E+00  0.000000E+00  0.000000E+00  0.000000E+00  0.000000E+00  0.000000E+00  0.000000E+00  0.000000E+00  0.000000E+00  0.000000E+00  0.000000E+00  0.000000E+00  0.000000E+00  0.000000E+00
 5 1 24  1  4  25691 124  0.000000E+00  1.000000E+00  0.000000E+00  0.000000E+00  0.000000E+00  0.000000E+00  0.000000E+00  0.000000E+00  0.000000E+00  0.000000E+00  0.000000E+00  0.000000E+00  0.000000E+00  0.000000E+00  0.000000E+00  0.000000E+00  0.000000E+00  0.000000E+00  0.000000E+00  0.000000E+00  0.000000E+00  0.000000E+00  0.000000E+00  0.000000E+00
 5 1 24  1  4  35691 124  0.000000E+00  0.000000E+00  1.000000E+00  0.000000E+00  0.000000E+00  0.000000E+00  0.000000E+00  0.000000E+00  0.000000E+00  0.000000E+00  0.000000E+00  0.000000E+00  0.000000E+00  0.000000E+00  0.000000E+00  0.000000E+00  0.000000E+00  0.000000E+00  0.000000E+00  0.000000E+00  0.000000E+00  0.000000E+00  0.000000E+00  0.000000E+00
 5 1 24  1  4  45691 124  0.000000E+00  0.000000E+00  0.000000E+00  1.000000E+00  0.000000E+00  0.000000E+00  0.000000E+00  0.000000E+00  0.000000E+00  0.000000E+00  0.000000E+00  0.000000E+00  0.000000E+00  0.000000E+00  0.000000E+00  0.000000E+00  0.000000E+00  0.000000E+00  0.000000E+00  0.000000E+00  0.000000E+00  0.000000E+00  0.000000E+00  0.000000E+00
 5 1 24  1  4  55691 124  0.000000E+00  0.000000E+00  0.000000E+00  0.000000E+00  1.000000E+00  0.000000E+00  0.000000E+00  0.000000E+00  0.000000E+00  0.000000E+00  0.000000E+00  0.000000E+00  0.000000E+00  0.000000E+00  0.000000E+00  0.000000E+00  0.000000E+00  0.000000E+00  0.000000E+00  0.000000E+00  0.000000E+00  0.000000E+00  0.000000E+00  0.000000E+00
 5 1 24  1  4  65691 124  0.000000E+00  0.000000E+00  0.000000E+00  0.000000E+00  0.000000E+00  1.000000E+00  0.000000E+00  0.000000E+00  0.000000E+00  0.000000E+00  0.000000E+00  0.000000E+00  0.000000E+00  0.000000E+00  0.000000E+00  0.000000E+00  0.000000E+00  0.000000E+00  0.000000E+00  0.000000E+00  0.000000E+00  0.000000E+00  0.000000E+00  0.000000E+00
 5 1 24  1  4  75691 124  0.000000E+00  0.000000E+00  0.000000E+00  0.000000E+00  0.000000E+00  0.000000E+00  1.000000E+00  0.000000E+00  0.000000E+00  0.000000E+00  0.000000E+00  0.000000E+00  0.000000E+00  0.000000E+00  0.000000E+00  0.000000E+00  0.000000E+00  0.000000E+00  0.000000E+00  0.000000E+00  0.000000E+00  0.000000E+00  0.000000E+00  0.000000E+00
 5 1 24  1  4  85691 124  0.000000E+00  0.000000E+00  0.000000E+00  0.000000E+00  0.000000E+00  0.000000E+00  0.000000E+00  1.000000E+00  0.000000E+00  0.000000E+00  0.000000E+00  0.000000E+00  0.000000E+00  0.000000E+00  0.000000E+00  0.000000E+00  0.000000E+00  0.000000E+00  0.000000E+00  0.000000E+00  0.000000E+00  0.000000E+00  0.000000E+00  0.000000E+00
 5 1 24  1  4  95691 124  0.000000E+00  0.000000E+00  0.000000E+00  0.000000E+00  0.000000E+00  0.000000E+00  0.000000E+00  0.000000E+00  1.000000E+00  0.000000E+00  0.000000E+00  0.000000E+00  0.000000E+00  0.000000E+00  0.000000E+00  0.000000E+00  0.000000E+00  0.000000E+00  0.000000E+00  0.000000E+00  0.000000E+00  0.000000E+00  0.000000E+00  0.000000E+00
 5 1 24  1  4 105691 124  0.000000E+00  0.000000E+00  0.000000E+00  0.000000E+00  0.000000E+00  0.000000E+00  0.000000E+00  0.000000E+00  0.000000E+00  1.000000E+00  0.000000E+00  0.000000E+00  0.000000E+00  0.000000E+00  0.000000E+00  0.000000E+00  0.000000E+00  0.000000E+00  0.000000E+00  0.000000E+00  0.000000E+00  0.000000E+00  0.000000E+00  0.000000E+00
 5 1 24  1  4 115691 124  0.000000E+00  0.000000E+00  0.000000E+00  0.000000E+00  0.000000E+00  0.000000E+00  0.000000E+00  0.000000E+00  0.000000E+00  0.000000E+00  1.000000E+00  0.000000E+00  0.000000E+00  0.000000E+00  0.000000E+00  0.000000E+00  0.000000E+00  0.000000E+00  0.000000E+00  0.000000E+00  0.000000E+00  0.000000E+00  0.000000E+00  0.000000E+00
 5 1 24  1  4 125691 124  0.000000E+00  0.000000E+00  0.000000E+00  0.000000E+00  0.000000E+00  0.000000E+00  0.000000E+00  0.000000E+00  0.000000E+00  0.000000E+00  0.000000E+00  1.000000E+00  0.000000E+00  0.000000E+00  0.000000E+00  0.000000E+00  0.000000E+00  0.000000E+00  0.000000E+00  0.000000E+00  0.000000E+00  0.000000E+00  0.000000E+00  0.000000E+00
 5 1 24  1  4 135691 124  0.000000E+00  0.000000E+00  0.000000E+00  0.000000E+00  0.000000E+00  0.000000E+00  0.000000E+00  0.000000E+00  0.000000E+00  0.000000E+00  0.000000E+00  0.000000E+00  1.000000E+00  0.000000E+00  0.000000E+00  0.000000E+00  0.000000E+00  0.000000E+00  0.000000E+00  0.000000E+00  0.000000E+00  0.000000E+00  0.000000E+00  0.000000E+00
 5 1 24  1  4 145691 124  0.000000E+00  0.000000E+00  0.000000E+00  0.000000E+00  0.000000E+00  0.000000E+00  0.000000E+00  0.000000E+00  0.000000E+00  0.000000E+00  0.000000E+00  0.000000E+00  0.000000E+00  1.000000E+00  0.000000E+00  0.000000E+00  0.000000E+00  0.000000E+00  0.000000E+00  0.000000E+00  0.000000E+00  0.000000E+00  0.000000E+00  0.000000E+00
 5 1 24  1  4 155691 124  0.000000E+00  0.000000E+00  0.000000E+00  0.000000E+00  0.000000E+00  0.000000E+00  0.000000E+00  0.000000E+00  0.000000E+00  0.000000E+00  0.000000E+00  0.000000E+00  0.000000E+00  0.000000E+00  1.000000E+00  0.000000E+00  0.000000E+00  0.000000E+00  0.000000E+00  0.000000E+00  0.000000E+00  0.000000E+00  0.000000E+00  0.000000E+00
 5 1 24  1  4 165691 124  0.000000E+00  0.000000E+00  0.000000E+00  0.000000E+00  0.000000E+00  0.000000E+00  0.000000E+00  0.000000E+00  0.000000E+00  0.000000E+00  0.000000E+00  0.000000E+00  0.000000E+00  0.000000E+00  0.000000E+00  1.000000E+00  0.000000E+00  0.000000E+00  0.000000E+00  0.000000E+00  0.000000E+00  0.000000E+00  0.000000E+00  0.000000E+00
 5 1 24  1  4 175691 124  0.000000E+00  0.000000E+00  0.000000E+00  0.000000E+00  0.000000E+00  0.000000E+00  0.000000E+00  0.000000E+00  0.000000E+00  0.000000E+00  0.000000E+00  0.000000E+00  0.000000E+00  0.000000E+00  0.000000E+00  0.000000E+00  1.000000E+00  0.000000E+00  0.000000E+00  0.000000E+00  0.000000E+00  0.000000E+00  0.000000E+00  0.000000E+00
 5 1 24  1  4 185691 124  0.000000E+00  0.000000E+00  0.000000E+00  0.000000E+00  0.000000E+00  0.000000E+00  0.000000E+00  0.000000E+00  0.000000E+00  0.000000E+00  0.000000E+00  0.000000E+00  0.000000E+00  0.000000E+00  0.000000E+00  0.000000E+00  0.000000E+00  1.000000E+00  0.000000E+00  0.000000E+00  0.000000E+00  0.000000E+00  0.000000E+00  0.000000E+00
 5 1 24  1  4 195691 124  0.000000E+00  0.000000E+00  0.000000E+00  0.000000E+00  0.000000E+00  0.000000E+00  0.000000E+00  0.000000E+00  0.000000E+00  0.000000E+00  0.000000E+00  0.000000E+00  0.000000E+00  0.000000E+00  0.000000E+00  0.000000E+00  0.000000E+00  0.000000E+00  1.000000E+00  0.000000E+00  0.000000E+00  0.000000E+00  0.000000E+00  0.000000E+00
 5 1 24  1  4 205691 124  0.000000E+00  0.000000E+00  0.000000E+00  0.000000E+00  0.000000E+00  0.000000E+00  0.000000E+00  0.000000E+00  0.000000E+00  0.000000E+00  0.000000E+00  0.000000E+00  0.000000E+00  0.000000E+00  0.000000E+00  0.000000E+00  0.000000E+00  0.000000E+00  0.000000E+00  1.000000E+00  0.000000E+00  0.000000E+00  0.000000E+00  0.000000E+00
 5 1 24  1  4 215691 124  0.000000E+00  0.000000E+00  0.000000E+00  0.000000E+00  0.000000E+00  0.000000E+00  0.000000E+00  0.000000E+00  0.000000E+00  0.000000E+00  0.000000E+00  0.000000E+00  0.000000E+00  0.000000E+00  0.000000E+00  0.000000E+00  0.000000E+00  0.000000E+00  0.000000E+00  0.000000E+00  1.000000E+00  0.000000E+00  0.000000E+00  0.000000E+00
 5 1 24  1  4 225691 124  0.000000E+00  0.000000E+00  0.000000E+00  0.000000E+00  0.000000E+00  0.000000E+00  0.000000E+00  0.000000E+00  0.000000E+00  0.000000E+00  0.000000E+00  0.000000E+00  0.000000E+00  0.000000E+00  0.000000E+00  0.000000E+00  0.000000E+00  0.000000E+00  0.000000E+00  0.000000E+00  0.000000E+00  1.000000E+00  0.000000E+00  0.000000E+00
 5 1 24  1  4 235691 124  0.000000E+00  0.000000E+00  0.000000E+00  0.000000E+00  0.000000E+00  0.000000E+00  0.000000E+00  0.000000E+00  0.000000E+00  0.000000E+00  0.000000E+00  0.000000E+00  0.000000E+00  0.000000E+00  0.000000E+00  0.000000E+00  0.000000E+00  0.000000E+00  0.000000E+00  0.000000E+00  0.000000E+00  0.000000E+00  1.000000E+00  0.000000E+00
 5 1 24  1  4 245691 124  0.000000E+00  0.000000E+00  0.000000E+00  0.000000E+00  0.000000E+00  0.000000E+00  0.000000E+00  0.000000E+00  0.000000E+00  0.000000E+00  0.000000E+00  0.000000E+00  0.000000E+00  0.000000E+00  0.000000E+00  0.000000E+00  0.000000E+00  0.000000E+00  0.000000E+00  0.000000E+00  0.000000E+00  0.000000E+00  0.000000E+00  1.000000E+00
 5 1 24  1  5  15691 124  4.519491E-01 -2.558715E-03 -1.227000E-01 -1.817805E-02 -8.259246E-03 -1.584513E-02  9.626444E-03  2.988601E-02 -3.697704E-02 -3.694511E-02  2.253233E-02 -9.432352E-03 -8.839301E-03 -1.473861E-02 -1.631129E-02 -1.551733E-02 -2.788761E-04 -3.271067E-02 -6.127429E-03 -2.129072E-02 -3.545551E-02 -8.847258E-03 -3.468969E-02 -1.389438E-03
 5 1 24  1  5  25691 124 -2.558715E-03  5.904040E-05  9.239052E-05  1.999632E-04  1.256320E-04  2.574045E-04 -3.451118E-05 -6.832914E-05  9.374192E-05  4.048913E-05  1.208698E-04  1.058643E-04 -3.003172E-04  1.659067E-04  1.701758E-04 -3.609841E-05 -2.103029E-04  2.024407E-04 -6.752128E-05  4.295271E-05  5.672346E-05  4.837577E-05 -5.547235E-06 -1.333751E-04
 5 1 24  1  5  35691 124 -1.227000E-01  9.239052E-05  7.214274E-02  9.227084E-04 -1.229163E-03 -1.010944E-03 -8.692449E-04 -1.581860E-02  2.213909E-02  1.523635E-02 -1.462307E-02 -6.858298E-03 -5.235890E-04  4.627389E-03  2.928698E-04  1.065962E-02 -1.506131E-03 -1.679059E-03 -3.284488E-03 -6.113753E-03  6.686817E-03  4.862423E-03 -1.738172E-03 -6.476464E-03
 5 1 24  1  5  45691 124 -1.817805E-02  1.999632E-04  9.227084E-04  1.250456E-01  1.721644E-02  1.706075E-02 -5.561470E-03 -2.226523E-03  6.032049E-03 -8.950273E-04  2.866648E-03 -7.314877E-03  6.647870E-04  3.171111E-03 -2.322039E-03 -9.425386E-03  5.293659E-03 -2.585786E-03 -1.124975E-02  6.880736E-03  8.375311E-03  2.699670E-03 -6.120052E-03  8.047833E-04
 5 1 24  1  5  55691 124 -8.259246E-03  1.256320E-04 -1.229163E-03  1.721644E-02  7.450870E-02  1.444297E-02  1.061982E-02  4.160475E-03  3.944017E-03 -1.469317E-03  3.370079E-03 -1.504330E-03 -2.489532E-03 -2.006516E-03 -6.964684E-03 -4.670051E-03  8.566098E-03 -3.476725E-03 -3.691582E-03  6.768426E-03 -1.231759E-03 -3.796128E-03 -9.915835E-03  9.186997E-04
 5 1 24  1  5  65691 124 -1.584513E-02  2.574045E-04 -1.010944E-03  1.706075E-02  1.444297E-02  1.364141E-01 -8.360671E-03 -1.417806E-02 -1.126923E-03  3.569409E-03  7.321104E-03  1.394543E-03  1.961127E-03 -6.561003E-03  1.088701E-03 -1.401774E-03  7.930182E-03 -2.271726E-03 -4.824180E-03 -9.228072E-04 -1.887476E-03 -3.753264E-03 -9.121163E-04  3.737623E-03
 5 1 24  1  5  75691 124  9.626444E-03 -3.451118E-05 -8.692449E-04 -5.561470E-03  1.061982E-02 -8.360671E-03  7.149125E-02 -5.198591E-03 -4.632940E-03 -1.983082E-03 -9.191529E-04 -4.488662E-03  9.053832E-04 -2.522098E-03 -1.978766E-02 -2.807051E-03 -2.290918E-03 -6.264174E-03  3.689115E-04  6.531154E-03 -6.123257E-04 -7.956990E-03 -9.952448E-03 -3.826953E-04
 5 1 24  1  5  85691 124  2.988601E-02 -6.832914E-05 -1.581860E-02 -2.226523E-03  4.160475E-03 -1.417806E-02 -5.198591E-03  5.987850E-02 -2.269850E-03 -8.096487E-03 -1.101468E-02  1.484674E-03  1.020457E-04 -1.195108E-03  1.256392E-03 -1.379388E-03  6.050783E-04  2.942624E-03 -2.451838E-03 -2.073765E-03 -3.200344E-03 -6.816305E-03 -4.174041E-03  3.284128E-03
 5 1 24  1  5  95691 124 -3.697704E-02  9.374192E-05  2.213909E-02  6.032049E-03  3.944017E-03 -1.126923E-03 -4.632940E-03 -2.269850E-03  9.199184E-02 -4.500562E-03 -2.740456E-03 -6.567580E-03 -3.194131E-03  2.040768E-03 -4.875151E-03 -7.101522E-03  1.662126E-03 -4.786394E-03 -2.493263E-03 -7.154597E-03  7.334008E-03 -6.041578E-04  5.820369E-04 -3.985271E-03
 5 1 24  1  5 105691 124 -3.694511E-02  4.048913E-05  1.523635E-02 -8.950273E-04 -1.469317E-03  3.569409E-03 -1.983082E-03 -8.096487E-03 -4.500562E-03  5.188589E-02 -4.529526E-03 -1.932149E-03 -3.270549E-03 -4.426866E-03 -3.724910E-04 -8.107560E-03 -3.425455E-04  1.509716E-03  1.352335E-03  2.575281E-04  1.446611E-03 -1.795682E-03  4.406824E-03 -4.764891E-03
 5 1 24  1  5 115691 124  2.253233E-02  1.208698E-04 -1.462307E-02  2.866648E-03  3.370079E-03  7.321104E-03 -9.191529E-04 -1.101468E-02 -2.740456E-03 -4.529526E-03  5.630803E-02 -1.243399E-02  7.865448E-04 -2.274519E-03 -3.496975E-03 -2.362936E-03 -7.126335E-04 -2.065322E-03  3.363230E-03 -1.098032E-03 -3.293453E-03 -1.210850E-03 -2.552467E-03 -9.777789E-03
 5 1 24  1  5 125691 124 -9.432352E-03  1.058643E-04 -6.858298E-03 -7.314877E-03 -1.504330E-03  1.394543E-03 -4.488662E-03  1.484674E-03 -6.567580E-03 -1.932149E-03 -1.243399E-02  5.058741E-02 -1.364581E-03 -3.586690E-03 -1.690404E-03  1.197624E-03  6.696979E-04  2.095608E-03  4.112119E-03 -1.029223E-03 -5.834711E-03  4.483316E-03  1.036062E-02  8.726276E-04
 5 1 24  1  5 135691 124 -8.839301E-03 -3.003172E-04 -5.235890E-04  6.647870E-04 -2.489532E-03  1.961127E-03  9.053832E-04  1.020457E-04 -3.194131E-03 -3.270549E-03  7.865448E-04 -1.364581E-03  4.270619E-02 -6.357044E-03  2.614473E-03 -7.312481E-03  9.268185E-04  9.105256E-04 -5.270014E-03  2.235051E-03  7.401486E-04 -1.641664E-05 -1.678917E-03  3.926871E-03
 5 1 24  1  5 145691 124 -1.473861E-02  1.659067E-04  4.627389E-03  3.171111E-03 -2.006516E-03 -6.561003E-03 -2.522098E-03 -1.195108E-03  2.040768E-03 -4.426866E-03 -2.274519E-03 -3.586690E-03 -6.357044E-03  6.352315E-02 -5.074728E-03 -3.198684E-03 -8.789389E-03  8.076676E-04 -4.494375E-04  7.096571E-04 -1.374115E-03  1.735287E-03  1.486991E-03 -2.023672E-03
 5 1 24  1  5 155691 124 -1.631129E-02  1.701758E-04  2.928698E-04 -2.322039E-03 -6.964684E-03  1.088701E-03 -1.978766E-02  1.256392E-03 -4.875151E-03 -3.724910E-04 -3.496975E-03 -1.690404E-03  2.614473E-03 -5.074728E-03  5.222894E-02 -2.922509E-03 -6.148987E-03  5.164660E-03 -2.279015E-03  1.231143E-04 -3.901188E-03  3.148435E-03  2.774534E-03 -1.010276E-03
 5 1 24  1  5 165691 124 -1.551733E-02 -3.609841E-05  1.065962E-02 -9.425386E-03 -4.670051E-03 -1.401774E-03 -2.807051E-03 -1.379388E-03 -7.101522E-03 -8.107560E-03 -2.362936E-03  1.197624E-03 -7.312481E-03 -3.198684E-03 -2.922509E-03  4.998245E-02 -1.808579E-03 -1.284491E-04  1.609394E-03  1.215138E-04 -1.462144E-03  3.478138E-04 -3.763903E-03 -5.826472E-03
 5 1 24  1  5 175691 124 -2.788761E-04 -2.103029E-04 -1.506131E-03  5.293659E-03  8.566098E-03  7.930182E-03 -2.290918E-03  6.050783E-04  1.662126E-03 -3.425455E-04 -7.126335E-04  6.696979E-04  9.268185E-04 -8.789389E-03 -6.148987E-03 -1.808579E-03  6.672257E-02 -1.879658E-03 -8.921265E-04  3.669218E-03 -4.672830E-04 -2.414098E-03 -2.277744E-04  2.055694E-03
 5 1 24  1  5 185691 124 -3.271067E-02  2.024407E-04 -1.679059E-03 -2.585786E-03 -3.476725E-03 -2.271726E-03 -6.264174E-03  2.942624E-03 -4.786394E-03  1.509716E-03 -2.065322E-03  2.095608E-03  9.105256E-04  8.076676E-04  5.164660E-03 -1.284491E-04 -1.879658E-03  4.826600E-02 -1.136467E-03 -6.544936E-03  2.787827E-03 -1.347511E-03 -2.101900E-03 -2.111598E-03
 5 1 24  1  5 195691 124 -6.127429E-03 -6.752128E-05 -3.284488E-03 -1.124975E-02 -3.691582E-03 -4.824180E-03  3.689115E-04 -2.451838E-03 -2.493263E-03  1.352335E-03  3.363230E-03  4.112119E-03 -5.270014E-03 -4.494375E-04 -2.279015E-03  1.609394E-03 -8.921265E-04 -1.136467E-03  5.229862E-02 -8.474855E-03 -8.551551E-03 -3.639422E-03 -5.904235E-03 -1.407402E-04
 5 1 24  1  5 205691 124 -2.129072E-02  4.295271E-05 -6.113753E-03  6.880736E-03  6.768426E-03 -9.228072E-04  6.531154E-03 -2.073765E-03 -7.154597E-03  2.575281E-04 -1.098032E-03 -1.029223E-03  2.235051E-03  7.096571E-04  1.231143E-04  1.215138E-04  3.669218E-03 -6.544936E-03 -8.474855E-03  6.464855E-02 -1.225677E-02 -4.305472E-03 -8.924042E-04 -2.898517E-03
 5 1 24  1  5 215691 124 -3.545551E-02  5.672346E-05  6.686817E-03  8.375311E-03 -1.231759E-03 -1.887476E-03 -6.123257E-04 -3.200344E-03  7.334008E-03  1.446611E-03 -3.293453E-03 -5.834711E-03  7.401486E-04 -1.374115E-03 -3.901188E-03 -1.462144E-03 -4.672830E-04  2.787827E-03 -8.551551E-03 -1.225677E-02  5.662552E-02 -4.689654E-03 -1.621675E-03 -9.136162E-04
 5 1 24  1  5 225691 124 -8.847258E-03  4.837577E-05  4.862423E-03  2.699670E-03 -3.796128E-03 -3.753264E-03 -7.956990E-03 -6.816305E-03 -6.041578E-04 -1.795682E-03 -1.210850E-03  4.483316E-03 -1.641664E-05  1.735287E-03  3.148435E-03  3.478138E-04 -2.414098E-03 -1.347511E-03 -3.639422E-03 -4.305472E-03 -4.689654E-03  4.629114E-02 -7.922152E-04 -4.413257E-03
 5 1 24  1  5 235691 124 -3.468969E-02 -5.547235E-06 -1.738172E-03 -6.120052E-03 -9.915835E-03 -9.121163E-04 -9.952448E-03 -4.174041E-03  5.820369E-04  4.406824E-03 -2.552467E-03  1.036062E-02 -1.678917E-03  1.486991E-03  2.774534E-03 -3.763903E-03 -2.277744E-04 -2.101900E-03 -5.904235E-03 -8.924042E-04 -1.621675E-03 -7.922152E-04  6.250872E-02 -1.587637E-03
 5 1 24  1  5 245691 124 -1.389438E-03 -1.333751E-04 -6.476464E-03  8.047833E-04  9.186997E-04  3.737623E-03 -3.826953E-04  3.284128E-03 -3.985271E-03 -4.764891E-03 -9.777789E-03  8.726276E-04  3.926871E-03 -2.023672E-03 -1.010276E-03 -5.826472E-03  2.055694E-03 -2.111598E-03 -1.407402E-04 -2.898517E-03 -9.136162E-04 -4.413257E-03 -1.587637E-03  4.522922E-02
